215, segment-7290499689576448085_3960_000_3980_000_with_camera_labels, 2, 4, 5, 9, 12, 15, 16, 21, 23, 23, 24, 25, 27, 29, 30, 34, 34, 40, 40, 43, 45, 46, 46, 47, 48, 50, 51, 52, 53, 54, 55, 56, 57, 58, 59, 60, 61, 61, 62, 62, 63, 63, 64, 65, 66, 67, 68, 69, 69, 70, 71, 71, 72, 73, 74, 75, 77, 77, 79, 80, 81, 82, 83, 83, 84, 85, 86, 87, 88, 88, 89, 91, 93, 93, 94, 97, 98, 98, 99, 101, 103, 104, 104, 105, 106, 107, 107, 108, 109, 109, 109, 111, 113, 113, 115, 117, 117, 119, 119, 119, 119, 120, 121, 122, 123, 124, 124, 125, 125, 125, 126, 126, 126, 127, 128, 129, 130, 131, 131, 132, 133, 134, 134, 134, 135, 135, 137, 138, 139, 140, 143, 148, 149, 149, 150, 153, 154, 156, 156, 158, 161, 166, 168, 169, 170, 172, 172, 175, 179, 180, 180, 181, 181, 182, 183, 184, 185, 185, 187, 187, 191, 193, 197
177, segment-15448466074775525292_2920_000_2940_000_with_camera_labels, 1, 1, 2, 2, 2, 3, 4, 5, 6, 7, 11, 13, 15, 16, 17, 19, 20, 20, 23, 27, 29, 30, 31, 34, 36, 37, 38, 39, 42, 42, 43, 44, 46, 48, 49, 49, 50, 51, 52, 53, 54, 56, 57, 58, 59, 59, 60, 61, 62, 64, 65, 67, 68, 68, 69, 71, 72, 72, 73, 74, 74, 74, 76, 76, 77, 77, 78, 79, 80, 80, 80, 82, 84, 84, 84, 85, 87, 88, 88, 91, 92, 93, 94, 95, 96, 97, 98, 99, 100, 101, 103, 103, 104, 104, 105, 106, 106, 107, 108, 109, 110, 112, 113, 114, 115, 116, 116, 116, 119, 119, 120, 121, 123, 124, 125, 125, 126, 128, 128, 130, 130, 132, 134, 134, 137, 137, 137, 139, 140, 141, 141, 145, 145, 146, 146, 147, 149, 150, 151, 151, 152, 154, 157, 157, 159, 159, 161, 163, 165, 185, 190, 193
149, segment-12251442326766052580_1840_000_1860_000_with_camera_labels, 0, 5, 8, 8, 11, 16, 17, 18, 20, 22, 23, 23, 25, 27, 29, 29, 30, 34, 35, 35, 36, 37, 38, 39, 39, 40, 41, 41, 42, 42, 44, 45, 46, 47, 48, 49, 50, 55, 56, 58, 59, 60, 60, 62, 62, 63, 64, 70, 75, 75, 78, 82, 84, 85, 85, 86, 88, 90, 90, 91, 92, 94, 95, 95, 96, 97, 98, 98, 99, 100, 105, 111, 112, 114, 116, 118, 122, 131, 137, 139, 142, 144, 147, 151, 157, 159, 162, 171, 173, 178, 183, 184, 185, 186, 186, 187, 188, 188, 189, 190, 191, 192, 193, 193, 194, 195, 195
142, segment-16561295363965082313_3720_000_3740_000_with_camera_labels, 1, 1, 5, 6, 6, 11, 14, 14, 16, 16, 17, 18, 18, 18, 19, 21, 21, 22, 22, 23, 24, 24, 26, 27, 27, 28, 29, 30, 32, 35, 35, 36, 39, 39, 40, 40, 41, 42, 42, 43, 44, 45, 46, 47, 48, 51, 51, 52, 52, 57, 58, 58, 58, 60, 60, 61, 61, 63, 64, 67, 69, 70, 74, 75, 76, 78, 80, 80, 81, 82, 84, 85, 87, 89, 89, 94, 94, 96, 96, 99, 101, 102, 104, 105, 105, 106, 109, 110, 112, 113, 115, 116, 116, 117, 117, 119, 121, 127, 129, 129, 131, 133, 134, 135, 136, 137, 137, 138, 139, 140, 144, 146, 147, 151, 160, 160, 161, 174, 182, 182, 187, 187, 188, 190, 191
136, segment-5835049423600303130_180_000_200_000_with_camera_labels, 3, 6, 8, 9, 10, 11, 11, 11, 12, 18, 23, 24, 25, 26, 28, 29, 30, 33, 34, 35, 36, 37, 38, 41, 44, 46, 47, 49, 50, 51, 53, 57, 58, 63, 65, 67, 68, 70, 70, 71, 72, 72, 73, 74, 75, 75, 77, 78, 79, 80, 82, 83, 84, 85, 86, 87, 88, 92, 92, 93, 93, 94, 96, 98, 99, 100, 101, 104, 108, 110, 111, 111, 112, 113, 115, 116, 116, 117, 118, 118, 119, 125, 126, 129, 135, 136, 137, 138, 140, 141, 143, 144, 147, 147, 153, 156, 158, 159, 161, 174, 180, 183, 185, 186, 188, 194, 195, 196
115, segment-7566697458525030390_1440_000_1460_000_with_camera_labels, 0, 2, 3, 4, 5, 7, 8, 9, 9, 9, 10, 11, 11, 11, 13, 13, 14, 17, 17, 18, 18, 19, 20, 21, 21, 22, 22, 23, 23, 23, 25, 25, 27, 29, 29, 30, 34, 36, 40, 42, 45, 50, 53, 54, 59, 61, 66, 69, 89, 93, 95, 101, 112, 113, 123, 127, 133, 134, 136, 137, 139, 139, 140, 142, 143, 144, 145, 146, 148, 149, 152, 157, 157, 159, 160, 162, 163, 164, 167, 171, 174, 175, 177, 178, 179, 183, 183, 186, 188, 188, 189
113, segment-11928449532664718059_1200_000_1220_000_with_camera_labels, 0, 2, 3, 5, 8, 9, 10, 12, 17, 23, 23, 24, 24, 26, 29, 29, 30, 32, 33, 33, 35, 36, 37, 38, 44, 47, 48, 49, 51, 61, 65, 66, 73, 75, 77, 78, 81, 82, 83, 84, 85, 87, 91, 93, 94, 94, 95, 96, 104, 106, 108, 111, 111, 114, 115, 116, 117, 117, 118, 120, 120, 121, 122, 124, 125, 127, 127, 130, 131, 132, 133, 133, 133, 134, 137, 138, 139, 139, 140, 142, 144, 145, 146, 146, 147, 149, 153, 156, 159, 164, 164, 165, 165, 168, 168, 169, 170, 172, 179, 180, 183, 186, 186, 188, 192, 193, 197, 197
112, segment-8582923946352460474_2360_000_2380_000_with_camera_labels, 1, 5, 6, 10, 12, 14, 15, 20, 20, 22, 25, 26, 31, 32, 32, 33, 35, 37, 38, 39, 41, 42, 43, 46, 46, 47, 51, 53, 54, 55, 56, 56, 57, 57, 57, 58, 58, 60, 65, 66, 67, 68, 71, 72, 75, 75, 76, 83, 86, 90, 93, 95, 96, 96, 96, 100, 102, 104, 108, 110, 110, 110, 110, 113, 116, 120, 125, 126, 127, 131, 134, 135, 136, 138, 139, 139, 140, 141, 142, 144, 146, 148, 148, 150, 154, 154, 156, 157, 159, 167, 168, 175, 179, 182, 184, 191, 195
109, segment-10444454289801298640_4360_000_4380_000_with_camera_labels, 0, 2, 13, 20, 22, 23, 25, 27, 31, 33, 35, 42, 47, 54, 55, 57, 61, 64, 68, 69, 69, 70, 70, 71, 72, 73, 74, 75, 76, 78, 79, 79, 80, 82, 85, 88, 88, 90, 90, 92, 92, 94, 94, 96, 96, 97, 98, 101, 103, 104, 105, 107, 109, 110, 111, 112, 113, 115, 121, 122, 125, 125, 126, 128, 129, 130, 130, 131, 132, 135, 140, 144, 146, 147, 150, 152, 157, 157, 158, 159, 159, 159, 164, 165, 168, 169, 169, 171, 172, 174, 174, 177, 184, 186, 187, 188, 190, 191, 191, 191, 191, 192, 194
102, segment-5576800480528461086_1000_000_1020_000_with_camera_labels, 2, 3, 7, 11, 12, 17, 18, 20, 20, 21, 21, 22, 23, 24, 26, 29, 29, 30, 30, 30, 30, 32, 33, 34, 36, 39, 44, 44, 47, 48, 52, 53, 54, 57, 58, 59, 60, 63, 65, 65, 66, 68, 68, 69, 70, 71, 71, 72, 73, 74, 77, 79, 80, 83, 84, 87, 88, 91, 105, 111, 114, 116, 120, 124, 127, 128, 133, 136, 137, 139, 145, 146, 148, 153, 154, 155, 158, 160, 161, 163, 166, 169, 170, 171, 172, 173, 177, 178, 180, 182, 188, 191, 193, 194, 195
99, segment-5451442719480728410_5660_000_5680_000_with_camera_labels, 0, 2, 5, 11, 11, 15, 16, 18, 19, 21, 21, 22, 23, 24, 25, 27, 32, 32, 34, 38, 45, 45, 51, 52, 52, 53, 53, 54, 57, 64, 64, 66, 69, 70, 70, 74, 77, 79, 81, 84, 85, 88, 91, 91, 94, 98, 99, 99, 100, 109, 112, 117, 119, 122, 125, 127, 127, 132, 134, 139, 139, 141, 142, 143, 144, 144, 145, 146, 147, 148, 149, 150, 152, 154, 164, 165, 182, 183, 189, 193
88, segment-15125792363972595336_4960_000_4980_000_with_camera_labels, 3, 6, 9, 10, 12, 13, 15, 18, 19, 20, 23, 26, 30, 31, 32, 36, 41, 45, 46, 48, 51, 67, 68, 73, 80, 81, 88, 94, 97, 98, 99, 101, 103, 105, 107, 108, 112, 113, 114, 117, 119, 124, 125, 132, 142, 145, 151, 152, 152, 153, 160, 162, 163, 164, 164, 167, 169, 172, 172, 173, 173, 174, 177, 179, 179, 180, 181, 181, 181, 182, 183, 184, 186, 188, 188, 190, 193, 195
82, segment-4348478035380346090_1000_000_1020_000_with_camera_labels, 0, 1, 3, 4, 5, 9, 9, 10, 11, 12, 13, 13, 14, 14, 14, 15, 15, 16, 16, 19, 20, 20, 25, 27, 31, 33, 35, 39, 41, 42, 44, 47, 53, 65, 69, 71, 74, 75, 77, 82, 83, 85, 108, 110, 119, 128, 137, 146, 151, 152, 155, 157, 158, 160, 161, 161, 162, 163, 164, 165, 165, 166, 167, 169, 173, 176, 179, 183, 183, 184, 185, 191, 197
78, segment-13506499849906169066_120_000_140_000_with_camera_labels, 9, 20, 21, 24, 40, 41, 42, 44, 46, 50, 51, 56, 60, 61, 62, 67, 69, 70, 71, 73, 76, 77, 78, 88, 96, 98, 99, 102, 103, 105, 110, 111, 114, 115, 116, 118, 118, 119, 120, 121, 123, 124, 125, 125, 127, 130, 131, 131, 132, 132, 133, 133, 134, 134, 135, 136, 140, 141, 145, 147, 157, 157, 159, 161, 165, 171, 171, 179, 183
77, segment-4641822195449131669_380_000_400_000_with_camera_labels, 0, 3, 4, 5, 5, 6, 6, 8, 10, 12, 12, 17, 18, 20, 22, 22, 23, 23, 29, 31, 35, 37, 41, 46, 47, 48, 50, 52, 56, 57, 57, 60, 64, 67, 67, 70, 72, 72, 75, 81, 82, 84, 92, 99, 101, 113, 114, 116, 118, 120, 121, 122, 126, 127, 127, 129, 134, 137, 138, 138, 139, 141, 145, 147, 155, 159, 159, 159, 165, 172, 173, 181
70, segment-11918003324473417938_1400_000_1420_000_with_camera_labels, 0, 16, 17, 18, 19, 23, 23, 26, 27, 27, 28, 38, 41, 47, 52, 53, 55, 60, 63, 64, 66, 73, 76, 78, 79, 84, 91, 94, 95, 95, 96, 97, 99, 104, 105, 108, 109, 114, 117, 118, 119, 124, 128, 142, 155, 164, 165, 169, 171, 172, 174, 176, 180, 181, 187, 189, 191, 191, 192
62, segment-13840133134545942567_1060_000_1080_000_with_camera_labels, 0, 2, 3, 14, 25, 26, 54, 57, 59, 63, 64, 66, 74, 75, 80, 83, 84, 86, 88, 94, 94, 99, 99, 102, 108, 108, 110, 111, 115, 117, 121, 121, 122, 124, 128, 138, 139, 139, 145, 149, 150, 155, 156, 156, 157, 160, 161, 161, 162, 163, 167, 167, 169, 173, 178, 178, 183, 193, 194
58, segment-15942468615931009553_1243_190_1263_190_with_camera_labels, 6, 7, 8, 13, 15, 15, 15, 16, 17, 19, 20, 20, 22, 23, 24, 26, 29, 30, 31, 35, 36, 36, 41, 42, 48, 48, 52, 54, 56, 56, 58, 59, 66, 69, 72, 72, 76, 77, 83, 83, 86, 89, 90, 93, 94, 98, 103, 137, 137, 141, 150, 160, 162, 168, 190, 191
58, segment-15844593126368860820_3260_000_3280_000_with_camera_labels, 1, 2, 5, 6, 13, 14, 18, 20, 23, 25, 28, 44, 48, 49, 52, 56, 64, 72, 76, 78, 83, 94, 95, 97, 99, 100, 103, 103, 104, 106, 114, 115, 124, 129, 131, 135, 142, 143, 149, 155, 160, 160, 167, 173, 177, 178, 181, 183, 186, 188, 188, 189, 193, 194
58, segment-15882343134097151256_4820_000_4840_000_with_camera_labels, 0, 9, 10, 12, 14, 17, 19, 22, 23, 25, 31, 32, 33, 33, 34, 35, 36, 37, 38, 39, 40, 41, 41, 42, 45, 47, 49, 51, 54, 54, 56, 58, 59, 59, 61, 62, 64, 70, 72, 72, 74, 89, 116, 121, 133, 133, 142, 161, 162, 176, 187, 190, 195
53, segment-2036908808378190283_4340_000_4360_000_with_camera_labels, 0, 1, 2, 7, 12, 13, 16, 24, 31, 33, 36, 48, 51, 52, 65, 67, 68, 79, 83, 85, 86, 87, 90, 95, 100, 103, 108, 110, 112, 119, 120, 123, 136, 139, 146, 151, 153, 154, 156, 158, 171, 171, 172, 175, 183, 185, 187, 193
53, segment-2570264768774616538_860_000_880_000_with_camera_labels, 0, 1, 2, 7, 8, 13, 16, 19, 21, 23, 24, 25, 30, 36, 40, 45, 46, 49, 50, 52, 57, 58, 63, 66, 83, 89, 91, 102, 104, 106, 106, 107, 109, 113, 117, 118, 119, 124, 127, 130, 136, 142, 143, 150, 155, 157, 163, 166, 168, 189, 194, 196
48, segment-1255991971750044803_1700_000_1720_000_with_camera_labels, 0, 16, 17, 18, 22, 23, 33, 34, 42, 55, 58, 59, 60, 68, 81, 87, 93, 102, 108, 112, 115, 117, 127, 128, 138, 141, 143, 146, 149, 154, 159, 161, 164, 168, 169, 171, 172, 179, 181, 183, 185, 185, 188, 193, 194, 196
48, segment-17388121177218499911_2520_000_2540_000_with_camera_labels, 2, 4, 16, 17, 18, 28, 35, 35, 41, 49, 51, 54, 55, 59, 60, 60, 64, 66, 75, 78, 80, 86, 87, 88, 92, 92, 94, 99, 102, 102, 104, 107, 108, 108, 108, 111, 111, 120, 121, 122, 127, 128, 132, 148, 148, 153, 166, 182
44, segment-16202688197024602345_3818_820_3838_820_with_camera_labels, 3, 7, 12, 21, 22, 23, 25, 26, 29, 31, 31, 42, 49, 54, 55, 55, 56, 61, 63, 65, 90, 105, 107, 110, 112, 117, 118, 125, 125, 127, 132, 133, 139, 146, 154, 171, 176, 183, 184, 186, 188, 190
42, segment-13182548552824592684_4160_250_4180_250_with_camera_labels, 0, 2, 21, 35, 36, 36, 38, 39, 40, 44, 51, 51, 53, 56, 57, 59, 60, 61, 61, 67, 71, 72, 80, 85, 87, 89, 93, 95, 100, 107, 108, 109, 111, 116, 118, 120, 121, 124, 125, 126, 136, 167
41, segment-16977844994272847523_2140_000_2160_000_with_camera_labels, 1, 10, 14, 19, 21, 36, 37, 43, 46, 52, 55, 58, 64, 75, 76, 76, 78, 84, 88, 96, 101, 102, 104, 106, 116, 117, 121, 125, 130, 154, 156, 158, 162, 176, 183, 187, 190, 191
38, segment-7861168750216313148_1305_290_1325_290_with_camera_labels, 0, 2, 4, 8, 16, 24, 24, 30, 32, 33, 46, 57, 61, 63, 65, 69, 74, 75, 95, 111, 118, 135, 138, 139, 142, 143, 144, 149, 152, 160, 161, 177, 178, 183, 186, 188, 196
37, segment-3002379261592154728_2256_691_2276_691_with_camera_labels, 0, 1, 13, 18, 62, 63, 65, 68, 71, 81, 82, 87, 92, 100, 103, 106, 112, 113, 121, 126, 131, 133, 138, 141, 142, 146, 146, 150, 154, 155, 161, 168, 172, 173, 187, 188, 194
35, segment-7885161619764516373_289_280_309_280_with_camera_labels, 8, 12, 13, 16, 37, 63, 73, 78, 78, 80, 82, 86, 92, 93, 97, 105, 115, 116, 117, 117, 126, 127, 130, 132, 135, 136, 158, 176, 177, 183, 186, 188
34, segment-550171902340535682_2640_000_2660_000_with_camera_labels, 6, 7, 8, 10, 14, 28, 31, 37, 41, 47, 49, 53, 55, 56, 60, 64, 64, 65, 96, 103, 107, 110, 113, 114, 122, 127, 129, 136, 160, 167, 169, 171, 190
34, segment-2752216004511723012_260_000_280_000_with_camera_labels, 0, 11, 16, 19, 20, 22, 24, 25, 34, 34, 37, 39, 46, 47, 58, 64, 65, 68, 73, 78, 89, 90, 94, 96, 136, 149, 163, 168, 171, 180, 189
31, segment-10596949720463106554_1933_530_1953_530_with_camera_labels, 9, 13, 58, 63, 67, 85, 85, 110, 112, 115, 116, 119, 121, 123, 123, 129, 129, 133, 137, 138, 140, 142, 143, 145, 147, 150, 155, 159, 181, 185, 187
31, segment-16801666784196221098_2480_000_2500_000_with_camera_labels, 3, 12, 13, 23, 29, 32, 38, 49, 55, 56, 65, 67, 77, 81, 88, 91, 95, 98, 98, 98, 100, 104, 106, 118, 134, 138, 145, 157, 187, 189, 197
31, segment-7543690094688232666_4945_350_4965_350_with_camera_labels, 13, 20, 22, 39, 44, 49, 50, 54, 63, 63, 69, 80, 88, 89, 94, 98, 102, 102, 103, 126, 141, 160, 168, 170, 171, 173, 178, 180, 186, 186, 195
30, segment-7440437175443450101_94_000_114_000_with_camera_labels, 16, 20, 23, 27, 34, 35, 41, 45, 52, 59, 62, 67, 75, 75, 80, 86, 87, 90, 92, 94, 98, 105, 107, 110, 115, 127, 138, 149, 175, 179
29, segment-15696964848687303249_4615_200_4635_200_with_camera_labels, 4, 18, 21, 26, 30, 39, 40, 51, 60, 69, 75, 79, 88, 89, 97, 98, 104, 106, 107, 110, 115, 118, 132, 133, 154
29, segment-16372013171456210875_5631_040_5651_040_with_camera_labels, 6, 22, 27, 34, 37, 44, 46, 47, 49, 52, 54, 57, 58, 62, 69, 73, 78, 80, 84, 86, 105, 149, 155, 156, 156, 157, 158, 177
29, segment-8148053503558757176_4240_000_4260_000_with_camera_labels, 1, 4, 7, 37, 49, 57, 90, 105, 118, 126, 128, 132, 135, 137, 140, 141, 149, 153, 155, 160, 161, 169, 171, 174, 184, 186, 188, 193, 196
26, segment-207754730878135627_1140_000_1160_000_with_camera_labels, 11, 11, 16, 21, 29, 37, 51, 55, 59, 63, 68, 72, 78, 90, 98, 103, 104, 114, 119, 122, 127, 132, 141, 153, 179, 184
24, segment-10275144660749673822_5755_561_5775_561_with_camera_labels, 8, 23, 26, 45, 62, 63, 66, 71, 75, 80, 80, 81, 89, 98, 104, 104, 105, 129, 134, 140, 140, 143, 147, 168
24, segment-13271285919570645382_5320_000_5340_000_with_camera_labels, 0, 3, 5, 5, 9, 11, 14, 21, 22, 36, 44, 56, 58, 60, 71, 80, 114, 118, 133, 135, 151, 153, 165, 174
23, segment-14830022845193837364_3488_060_3508_060_with_camera_labels, 6, 17, 27, 28, 32, 40, 43, 50, 57, 57, 62, 66, 68, 72, 73, 77, 77, 78, 84, 88, 90, 166
20, segment-4575961016807404107_880_000_900_000_with_camera_labels, 1, 9, 38, 60, 81, 85, 108, 117, 120, 139, 168, 168, 177, 179, 183, 189, 191, 191, 194, 196
19, segment-15717839202171538526_1124_920_1144_920_with_camera_labels, 18, 25, 28, 59, 67, 75, 80, 84, 90, 92, 95, 107, 119, 125, 142, 145, 156, 177, 184
17, segment-1422926405879888210_51_310_71_310_with_camera_labels, 12, 18, 21, 27, 28, 44, 66, 73, 76, 83, 83, 89, 99, 123, 132, 146, 163
17, segment-16485056021060230344_1576_741_1596_741_with_camera_labels, 33, 68, 107, 112, 126, 133, 134, 135, 139, 143, 145, 151, 151, 154, 162, 168, 193
17, segment-9015546800913584551_4431_180_4451_180_with_camera_labels, 25, 25, 27, 28, 54, 59, 60, 84, 93, 97, 129, 141, 152, 154, 160, 170, 179
17, segment-8327447186504415549_5200_000_5220_000_with_camera_labels, 66, 69, 78, 79, 83, 91, 97, 104, 108, 108, 120, 123, 138, 159, 159, 175, 191
16, segment-9758342966297863572_875_230_895_230_with_camera_labels, 30, 32, 33, 37, 40, 44, 83, 86, 142, 149, 150, 154, 158, 160, 162
15, segment-7239123081683545077_4044_370_4064_370_with_camera_labels, 52, 67, 71, 78, 81, 84, 93, 109, 110, 111, 112, 113, 118, 122, 133
14, segment-14004546003548947884_2331_861_2351_861_with_camera_labels, 0, 15, 19, 49, 69, 94, 107, 152, 178, 179, 183, 186, 190
12, segment-12161824480686739258_1813_380_1833_380_with_camera_labels, 7, 69, 77, 84, 145, 161, 183, 184, 186, 189, 191, 196
12, segment-6229371035421550389_2220_000_2240_000_with_camera_labels, 15, 17, 18, 21, 22, 36, 62, 89, 101, 141
12, segment-10964956617027590844_1584_680_1604_680_with_camera_labels, 34, 90, 104, 105, 107, 121, 121, 133, 144, 148, 154, 157
11, segment-4916527289027259239_5180_000_5200_000_with_camera_labels, 8, 17, 28, 41, 42, 44, 53, 63, 72, 85, 116
10, segment-14369250836076988112_7249_040_7269_040_with_camera_labels, 49, 55, 58, 89, 90, 91, 91, 92, 105, 187
10, segment-915935412356143375_1740_030_1760_030_with_camera_labels, 43, 44, 45, 48, 49, 56, 62, 80, 111, 126
9, segment-11199484219241918646_2810_030_2830_030_with_camera_labels, 22, 37, 40, 41, 61, 62, 63, 157, 178
8, segment-5100136784230856773_2517_300_2537_300_with_camera_labels, 5, 22, 26, 43, 55, 84, 94, 95
7, segment-11379226583756500423_6230_810_6250_810_with_camera_labels, 56, 61, 75, 77, 78, 80, 192
6, segment-14098605172844003779_5084_630_5104_630_with_camera_labels, 8, 18, 157, 172, 172, 179
3, segment-14193044537086402364_534_000_554_000_with_camera_labels, 120, 173, 195
0, segment-6193696614129429757_2420_000_2440_000_with_camera_labels
