47, segment-5576800480528461086_1000_000_1020_000_with_camera_labels, 16, 26, 31, 33, 34, 38, 40, 40, 41, 42, 43, 47, 48, 50, 50, 50, 50, 51, 51, 52, 52, 52, 53, 54, 54, 55, 55, 55, 56, 57, 57, 59, 60, 60, 61, 64, 64, 65, 65, 66, 66, 67, 116, 141
31, segment-7566697458525030390_1440_000_1460_000_with_camera_labels, 55, 74, 96, 99, 106, 108, 114, 120, 121, 124, 124, 126, 126, 128, 128, 130, 135, 136, 138, 138, 140, 141, 141, 153, 156, 157, 167, 171, 178, 188
17, segment-15696964848687303249_4615_200_4635_200_with_camera_labels, 2, 14, 19, 34, 37, 48, 63, 66, 68, 80, 92, 93, 110, 138, 157, 177, 195
17, segment-4348478035380346090_1000_000_1020_000_with_camera_labels, 65, 91, 97, 103, 105, 108, 109, 110, 115, 134, 136, 142, 148, 151, 154, 170, 187
16, segment-1255991971750044803_1700_000_1720_000_with_camera_labels, 7, 24, 28, 30, 50, 56, 59, 67, 93, 96, 123, 136, 158, 166, 174, 188
15, segment-15844593126368860820_3260_000_3280_000_with_camera_labels, 7, 27, 40, 46, 46, 88, 91, 92, 112, 133, 143, 159, 177, 183, 187
13, segment-13271285919570645382_5320_000_5340_000_with_camera_labels, 7, 27, 40, 51, 63, 75, 93, 95, 110, 117, 145, 165, 171
12, segment-9758342966297863572_875_230_895_230_with_camera_labels, 24, 31, 70, 73, 98, 113, 129, 143, 146, 183, 186, 196
12, segment-12251442326766052580_1840_000_1860_000_with_camera_labels, 44, 121, 130, 138, 150, 167, 174, 181, 181, 185, 188, 189
10, segment-11918003324473417938_1400_000_1420_000_with_camera_labels, 27, 33, 53, 75, 118, 147, 164, 176, 195
9, segment-2036908808378190283_4340_000_4360_000_with_camera_labels, 15, 36, 61, 90, 134, 144, 168, 171, 178
9, segment-15717839202171538526_1124_920_1144_920_with_camera_labels, 44, 46, 49, 49, 50, 51, 52, 59
9, segment-207754730878135627_1140_000_1160_000_with_camera_labels, 4, 36, 44, 66, 94, 105, 116, 155, 175
8, segment-7440437175443450101_94_000_114_000_with_camera_labels, 1, 4, 8, 9, 11, 76, 79, 81
8, segment-16485056021060230344_1576_741_1596_741_with_camera_labels, 125, 133, 133, 134, 154, 181, 191, 194
6, segment-16977844994272847523_2140_000_2160_000_with_camera_labels, 11, 33, 50, 162, 184, 189
5, segment-13840133134545942567_1060_000_1080_000_with_camera_labels, 16, 43, 57, 105, 117
5, segment-10964956617027590844_1584_680_1604_680_with_camera_labels, 47, 50, 56, 57, 57
5, segment-5451442719480728410_5660_000_5680_000_with_camera_labels, 168, 171, 187, 187, 194
5, segment-2752216004511723012_260_000_280_000_with_camera_labels, 25, 45, 59, 126, 187
4, segment-13506499849906169066_120_000_140_000_with_camera_labels, 119, 155, 160, 195
4, segment-5835049423600303130_180_000_200_000_with_camera_labels, 79, 103, 180, 195
4, segment-16202688197024602345_3818_820_3838_820_with_camera_labels, 1, 67, 151, 164
4, segment-15882343134097151256_4820_000_4840_000_with_camera_labels, 101, 102, 140, 149
4, segment-3002379261592154728_2256_691_2276_691_with_camera_labels, 18, 37, 82, 174
3, segment-14193044537086402364_534_000_554_000_with_camera_labels, 53, 129, 138
3, segment-11379226583756500423_6230_810_6250_810_with_camera_labels, 183, 187, 190
3, segment-6229371035421550389_2220_000_2240_000_with_camera_labels, 5, 35, 81
3, segment-15448466074775525292_2920_000_2940_000_with_camera_labels, 85, 107, 115
2, segment-11928449532664718059_1200_000_1220_000_with_camera_labels, 32, 144
2, segment-10275144660749673822_5755_561_5775_561_with_camera_labels, 139, 163
1, segment-16561295363965082313_3720_000_3740_000_with_camera_labels, 28
1, segment-5100136784230856773_2517_300_2537_300_with_camera_labels, 46
1, segment-7861168750216313148_1305_290_1325_290_with_camera_labels, 133
1, segment-6193696614129429757_2420_000_2440_000_with_camera_labels, 143
1, segment-16801666784196221098_2480_000_2500_000_with_camera_labels, 116
1, segment-1422926405879888210_51_310_71_310_with_camera_labels, 151
1, segment-4575961016807404107_880_000_900_000_with_camera_labels, 22
1, segment-8148053503558757176_4240_000_4260_000_with_camera_labels, 82
0, segment-13182548552824592684_4160_250_4180_250_with_camera_labels
0, segment-15942468615931009553_1243_190_1263_190_with_camera_labels
0, segment-12161824480686739258_1813_380_1833_380_with_camera_labels
0, segment-7239123081683545077_4044_370_4064_370_with_camera_labels
0, segment-14830022845193837364_3488_060_3508_060_with_camera_labels
0, segment-10596949720463106554_1933_530_1953_530_with_camera_labels
0, segment-15125792363972595336_4960_000_4980_000_with_camera_labels
0, segment-14369250836076988112_7249_040_7269_040_with_camera_labels
0, segment-4916527289027259239_5180_000_5200_000_with_camera_labels
0, segment-10444454289801298640_4360_000_4380_000_with_camera_labels
0, segment-4641822195449131669_380_000_400_000_with_camera_labels
0, segment-8582923946352460474_2360_000_2380_000_with_camera_labels
0, segment-7885161619764516373_289_280_309_280_with_camera_labels
0, segment-550171902340535682_2640_000_2660_000_with_camera_labels
0, segment-11199484219241918646_2810_030_2830_030_with_camera_labels
0, segment-915935412356143375_1740_030_1760_030_with_camera_labels
0, segment-17388121177218499911_2520_000_2540_000_with_camera_labels
0, segment-9015546800913584551_4431_180_4451_180_with_camera_labels
0, segment-8327447186504415549_5200_000_5220_000_with_camera_labels
0, segment-14098605172844003779_5084_630_5104_630_with_camera_labels
0, segment-2570264768774616538_860_000_880_000_with_camera_labels
0, segment-7290499689576448085_3960_000_3980_000_with_camera_labels
0, segment-16372013171456210875_5631_040_5651_040_with_camera_labels
0, segment-14004546003548947884_2331_861_2351_861_with_camera_labels
0, segment-7543690094688232666_4945_350_4965_350_with_camera_labels
